 2 |  4 |  7 |  3
----+----+----+----
 1 |  5 |  6 |  8
----+----+----+----
13 |  9 | 10 |   
----+----+----+----
14 | 15 | 12 | 11
UP
 2 |  4 |  7 |  3
----+----+----+----
 1 |  5 |  6 |   
----+----+----+----
13 |  9 | 10 |  8
----+----+----+----
14 | 15 | 12 | 11
UP
 2 |  4 |  7 |   
----+----+----+----
 1 |  5 |  6 |  3
----+----+----+----
13 |  9 | 10 |  8
----+----+----+----
14 | 15 | 12 | 11
LEFT
 2 |  4 |    |  7
----+----+----+----
 1 |  5 |  6 |  3
----+----+----+----
13 |  9 | 10 |  8
----+----+----+----
14 | 15 | 12 | 11
LEFT
 2 |    |  4 |  7
----+----+----+----
 1 |  5 |  6 |  3
----+----+----+----
13 |  9 | 10 |  8
----+----+----+----
14 | 15 | 12 | 11
LEFT
   |  2 |  4 |  7
----+----+----+----
 1 |  5 |  6 |  3
----+----+----+----
13 |  9 | 10 |  8
----+----+----+----
14 | 15 | 12 | 11
DOWN
 1 |  2 |  4 |  7
----+----+----+----
   |  5 |  6 |  3
----+----+----+----
13 |  9 | 10 |  8
----+----+----+----
14 | 15 | 12 | 11
RIGHT
 1 |  2 |  4 |  7
----+----+----+----
 5 |    |  6 |  3
----+----+----+----
13 |  9 | 10 |  8
----+----+----+----
14 | 15 | 12 | 11
RIGHT
 1 |  2 |  4 |  7
----+----+----+----
 5 |  6 |    |  3
----+----+----+----
13 |  9 | 10 |  8
----+----+----+----
14 | 15 | 12 | 11
RIGHT
 1 |  2 |  4 |  7
----+----+----+----
 5 |  6 |  3 |   
----+----+----+----
13 |  9 | 10 |  8
----+----+----+----
14 | 15 | 12 | 11
UP
 1 |  2 |  4 |   
----+----+----+----
 5 |  6 |  3 |  7
----+----+----+----
13 |  9 | 10 |  8
----+----+----+----
14 | 15 | 12 | 11
LEFT
 1 |  2 |    |  4
----+----+----+----
 5 |  6 |  3 |  7
----+----+----+----
13 |  9 | 10 |  8
----+----+----+----
14 | 15 | 12 | 11
DOWN
 1 |  2 |  3 |  4
----+----+----+----
 5 |  6 |    |  7
----+----+----+----
13 |  9 | 10 |  8
----+----+----+----
14 | 15 | 12 | 11
RIGHT
 1 |  2 |  3 |  4
----+----+----+----
 5 |  6 |  7 |   
----+----+----+----
13 |  9 | 10 |  8
----+----+----+----
14 | 15 | 12 | 11
DOWN
 1 |  2 |  3 |  4
----+----+----+----
 5 |  6 |  7 |  8
----+----+----+----
13 |  9 | 10 |   
----+----+----+----
14 | 15 | 12 | 11
DOWN
 1 |  2 |  3 |  4
----+----+----+----
 5 |  6 |  7 |  8
----+----+----+----
13 |  9 | 10 | 11
----+----+----+----
14 | 15 | 12 |   
LEFT
 1 |  2 |  3 |  4
----+----+----+----
 5 |  6 |  7 |  8
----+----+----+----
13 |  9 | 10 | 11
----+----+----+----
14 | 15 |    | 12
LEFT
 1 |  2 |  3 |  4
----+----+----+----
 5 |  6 |  7 |  8
----+----+----+----
13 |  9 | 10 | 11
----+----+----+----
14 |    | 15 | 12
LEFT
 1 |  2 |  3 |  4
----+----+----+----
 5 |  6 |  7 |  8
----+----+----+----
13 |  9 | 10 | 11
----+----+----+----
   | 14 | 15 | 12
UP
 1 |  2 |  3 |  4
----+----+----+----
 5 |  6 |  7 |  8
----+----+----+----
   |  9 | 10 | 11
----+----+----+----
13 | 14 | 15 | 12
RIGHT
 1 |  2 |  3 |  4
----+----+----+----
 5 |  6 |  7 |  8
----+----+----+----
 9 |    | 10 | 11
----+----+----+----
13 | 14 | 15 | 12
RIGHT
 1 |  2 |  3 |  4
----+----+----+----
 5 |  6 |  7 |  8
----+----+----+----
 9 | 10 |    | 11
----+----+----+----
13 | 14 | 15 | 12
RIGHT
 1 |  2 |  3 |  4
----+----+----+----
 5 |  6 |  7 |  8
----+----+----+----
 9 | 10 | 11 |   
----+----+----+----
13 | 14 | 15 | 12
DOWN
 1 |  2 |  3 |  4
----+----+----+----
 5 |  6 |  7 |  8
----+----+----+----
 9 | 10 | 11 | 12
----+----+----+----
13 | 14 | 15 |   

Steps = 23
States = 14448
Queries = 14448
Expanded = 7212
Max size = 7237
Branching = 1.44
85.3 milliseconds
